0,1,2
OAK,8,Final
NYY,7,
